$ANSIBLE_VAULT;1.1;AES256
35323336663963636534666265373666626439383138616462613933346230333061663464386538
3934666564636165333538613630333766343461346165350a396630616330393833353134323736
63313136633135393135353563666563303637306432336631306334643966623336643661323061
6237643762353939380a653739626165636432633466343766376238383738336262336530376535
65383434656538663066303338336665636334343035663331396333353637323833323762613333
61646639376532353030386237333361323539666436666331626364626266666666383936363532
61313239356532643737323135353663616166353134373435313932303838363566643364393164
34303830623534376333303834393632386334653031623033626466636132323930626461336136
36356532326431646139616564623333636532383139336333333536613761383831396262353332
30393636616430306664636630323637333566633966643062316365633132323938656262343530
35313034666363306430353964316636393161383366303732663038653364636337326239396533
38386630343962316364396437333331666630653465636365656233613036386462616665316166
6530
