$ANSIBLE_VAULT;1.1;AES256
36643864666535633362623533393530626166316566383963373061353062336138323438323662
3234663939366438386565323834323131626265643636650a316237386434633034643632376635
39663763303138363264646363383039323239386463373833383366363439616363393933623139
3663653937313337620a613664396665346465633937306563643830653861353135616530336362
64636261346535366633623639643831353563386664393164366235623862663365616165373034
63396532633362326635646536306461316466303837336232346430333062653937313734313266
30663533323934393966396665353730383230653331313632303562303065643233613965666530
33343333323234636332326333626531383162393432643834366166646439623337623430353864
64653238316461623266376230346532366432366465393532643962666266393736343234626565
34386639623536663237323563333363353066633064633131373634343235383363663865383365
34376562353735613331323633313438383233316539643061616666346134623037363334653732
34333662363034623564303061363830396365393739353364303833623138323866353361356139
35373836626165623664653332303831663636346539393330346332356164656365363935646532
66366465363134646633316232333739353936363137373163376337303766323431623363313034
63336434366563323230356236313939366234393333316262623737626335326636356439303738
31646433373262393337313136336231303663373132613931336630333634643763393166353564
36386139316332356466303039656663666230663864313635616366623231343331306230323765
65646363326663323632373764653735376630633735363638353932383839653563623963646330
36376662396430386361646438333833386138663163366239346333306263646336623031653166
62353363666335643435323133323931313937626237623330333239633733643334366133646465
66663165316632306663303935333538363662623432646333376563613461663665313731353866
39636134613932376634356536353762323636653463316238356266666134303838663363363133
32356136383865653563346565666532353264376138383133363134633663363537323136336662
35363139356630626162326538623437363031656438343636343731666164366561363438306566
38346565656164336238663735343261346439353335633866336131336266653039623432343961
6639353863326337333534343337343963303031383863623233
